# of Experiments=1
Population=500
# of Dimensions=1
Test Dimensions=30
# of Equations=18
Iterations=100
Ranges=-512.0;512.0,-100.0;100.0,-100.0;100.0,-30.0;30.0,-500.0;500.0,-30.0;30.0,-30.0;30.0,-32.0;32.0,-32.0;32.0,-500.0;500.0,-500.0;500.0,-100.0;100.0,0.0;3.14159265358979,-30.0;30.0,-100.0;100.0,-10.0;10.0,-100.0;100.0,-100.0;100.0
Gamma=0.00001
Alpha=0.5
Beta=0.2
Dampener=0.3
C1=0.8
C2=1.2
PAR=0.2
HMCR=0.2
Bandwidth=.01